0000010000111111
0000001111111111
0000001111111111
0000000111111111
0000000111111111
0000000011111001
0000000111111111
0000000111111111
0000000011111001
1111111000000000
1111111110110100
1111111000000000
1111111101011100
1111110110000000
1111110000000000
1111101000000000
1111101000000000
1111011110010111
1111101000000000
1111101100001011
1111100101001100
1111101000000000
1111100100110100
1111011100100000
1111010000000000
1111001000000000
1111100000000000
0000000011110011
0000000111111111
0000000111111111
0000000111111111
0000000111111111
0000001111111111
0000001011110111
0000000111111111
0000000011101100
0000000111111111
0000000001001011
0000000111111111
0000000111111111
0000000011001101
1111110000000000
1111101000000000
1111101110100000
1111101000000000
1111110000000000
1111101000000000
1111101000000000
1111011110011011
1111010110110000
1111010000000000
1111010100100010
1111010100001111
1111011000000000
1111010101111100
1111001101100100
1111001000000000
1111000000000000
1111000101100000
1111010000000000
0000000011001101
0000000111111111
0000000111111111
0000000111111111
0000001011101100
0000001000001111
0000000111111111
1111111111000111
0000000001000011
1111111101111110
0000000010001011
0000000001000111
1111110110110010
1111100111011000
1111100111010111
1111100000000000
1111100101011110
1111100110111110
1111100111010110
1111100000000000
1111100000000000
1111011111100111
1111010000000000
1111001111001000
1111010000000000
1111001111011110
1111010100010011
1111000000000000
1111000101001010
1111001101010110
1111010111011100
1111011000000000
1111110000000000
0000000111111111
0000000111111111
0000000111111111
0000000111111111
0000000111111111
0000000001101100
1111111100101000
1111111111110100
1111110100011100
1111111000000000
1111110100111100
1111110110011100
1111110111111000
1111110000000000
1111100101101010
1111101000000000
1111100111011011
1111011000000000
1111011101011111
1111011000000000
1111001101100000
1111010101001111
1111010000000000
1111010000000000
1111001000000000
1111010100010110
1111001100100110
1111001000000000
1111010000000000
1111010111011110
1111010101110000
1111100000000000
0000000011101000
0000000111111111
0000000010111101
0000000111111111
0000000011000000
1111111111000011
1111111000000000
1111110110000100
1111101000000000
1111111000000000
1111111000000000
1111110000000000
1111100000000000
1111101000000000
1111101101011100
1111100000000000
1111100000000000
1111100000000000
1111101000000000
1111100000000000
1111011000000000
1111011100110000
1111010000000000
1111000111101111
1111000000000000
1111001000000000
1111010111011100
1111001100111110
1111001000000000
1111100100111100
1111100000000000
1111110000000000
0000000010110001
0000000111111111
0000000111111111
0000000111111111
0000000000100011
1111110000000000
1111011110101110
1111011111010111
1111110000000000
1111110111110011
1111110101000010
1111100110011100
1111101000000000
1111101000000000
1111110101001111
1111100111110000
1111100101011000
1111101111010111
1111110000000000
1111101111011110
1111100110110000
1111010101010000
1111000000000000
1111000000000000
1111000110111100
1111001000000000
1111010110010111
1111011000000000
1111010111110110
1111100000000000
1111011111100100
1111101100110100
1111111000000000
0000000111111111
0000000111111111
0000000111111111
0000000111111111
1111111000000000
1111110111110110
1111011000000000
1111110000000000
1111110000000000
1111010110000010
1111011100000111
1111101100011100
1111101100100100
0000000001000000
1111110000000000
1111110110001110
1111110111000110
1111110000000000
1111101000000000
1111011111010000
1111001000000000
1110111000000000
1111000000000000
1111000110101010
1110111111010000
1111001000000000
1111011000000000
1111010110100100
1111100000000000
1111100000000000
1111101110110100
1111111100100000
0000001000000111
0000001000111001
0000000111111111
0000000010110011
0000000010100101
0000000011010011
1111111111011100
1111110100001100
1111111000000000
1111011110111010
1111010101100000
1111011100110000
1111001110111000
0000000010110111
0000000010011101
1111110000000000
1111111000000000
1111111000000000
1111100101101000
1111001000000000
1110110111111111
1110110000000000
1110111000000000
1111000000000000
1111000000000000
1110111111100111
1111010000000000
1111001101010000
1111010000000000
1111011000000000
1111101000000000
0000000010111100
0000000111111111
0000001000000111
0000000111111111
0000000011010100
0000000010011011
0000000010110011
1111110101001100
1111110110100111
0000000011110001
1111100000000000
1111011110100110
1111010101000111
1111010000000000
1111010100110100
1111100000000000
1111100111101000
0000000001100100
0000000010001111
1111101110011111
1111011000000000
1111001000000000
1110110000000000
1110110100110011
1110110101110111
1110110000000000
1110111000000000
1111000000000000
1111010000000000
1111010111010100
1111100000000000
1111101101000111
0000000010110111
0000000111111111
0000001000011011
0000000010001111
0000000001101000
0000000001010101
0000000001101000
0000000000111011
1111110000000000
1111101000000000
1111001111011111
1111000111100000
1110111101011000
1111000111010110
1111000111001010
1111011000000000
1111010111101000
1111100111001100
1111110000000000
1111011000000000
1111011000000000
1111001100000000
1111001000000000
1111001111101000
1111000111101110
1110111000000000
1110110111001100
1111000000000000
1111001000000000
1111010101011010
1111100000000000
1111100000000000
1111101000000000
0000000111111111
0000000111111111
0000000010110111
0000000001110011
0000000001000100
1111110100111000
1111110000000000
1111100110010000
1111100000000000
1111001000000000
1110111000000000
1110110000000000
1110111000000000
1110111101111100
1111001111111011
1111001111110110
1111011110101011
1111011110111111
1111100100010100
1111011100001011
1111011101101111
1111010100001011
1111100000000000
1111011000000000
1111001101110110
1111000000000000
1111000000000000
1110111110001000
1111000000000000
1111011000000000
1111100000000000
1111101100110010
0000000111111111
0000000111111111
0000000011000111
1111101111011011
1111101000000000
1111101110011111
1111101000000000
1111100111011100
1111101111111110
1111100000000000
1111100000000000
1111011000000000
1111001100111011
1111000100000111
1111010000000000
1111001111001110
1111011100111000
1111011111110100
1111011110101011
1111001111110000
1111010000000000
1111010101000100
1111011101110100
1111100100001010
1111001111110111
1111001100110010
1111000110000010
1111001000000000
1111000000000000
1111000000000000
1111010111111011
1111001111001000
0000000010111100
0000000111111111
1111111110111100
1111101101101100
1111101000000000
1111101000000000
1111101111010011
1111110101000000
0000000000100000
1111101110100100
1111110000000000
1111110110100110
1111100110101010
1111011100110000
1111011110001100
1111100100110000
1111101000000000
1111100111011000
1111011101000011
1111001100001011
1111011000000000
1111100000000000
1111100111110100
1111100000000000
1111011000000000
1111010110010110
1111001110010011
1111001000000000
1111000111001011
1111001000000000
1111011101001010
1111011101001000
1111110110001100
1111111000000000
0000000010100000
1111111000000000
1111101100100111
1111101000000000
1111110000000000
0000000000110011
0000000010011000
0000000010011000
0000000010110111
1111110110000100
1111101100010000
1111100100000011
1111011101100111
1111011000000000
1111011111000000
1111100111001010
1111011000000000
1111010000000000
1111011000000000
1111011000000000
1111011000000000
1111001110010110
1111001100011010
1111000110011000
1111001000000000
1111001111000110
1111010000000000
1111011000000000
1111011000000000
1111100101101000
1111110000000000
1111110100111110
0000000010011011
1111110101111010
1111110000000000
1111110101100010
1111110101111100
1111110000000000
1111111000000000
1111101110111011
1111110000000000
1111101110001111
1111110000000000
1111101000000000
1111011101000110
1111100000000000
1111011110000100
1111100000000000
1111100000000000
1111011111000111
1111011000000000
1111001000000000
1111010100110100
1110111111010110
1110111000000000
1111000000000000
1111001000000000
1111001111010100
1111100000000000
1111100000000000
1111010100101000
1111011000000000
1111100101101010
1111101111001100
0000000111111111
0000000010111111
1111110000000000
0000000000100100
1111110100100100
1111110101011100
1111110000000000
1111110100010110
1111110111010110
1111111000000000
1111110100000110
1111101101010011
1111101101000100
1111011100100100
1111010000000000
1111010000000000
1111010111110000
1111011110110010
1111011100101011
1111000110100011
1111000111101100
1111000111110010
1110111110111111
1111000000000000
1111000000000000
1111000111111000
1111011000000000
1111011101100110
1111010111000100
1111100000000000
1111100000000000
1111101000000000
0000000111111111
0000000010100000
1111111100100111
0000000010010001
0000000000111101
1111101101000011
1111110000000000
1111110111000000
1111111000000000
1111111110110110
0000000001110111
1111111000000000
1111110110110111
1111101101110000
1111010110011111
1111011000000000
1111011110011111
1111100101101010
1111100000000000
1111001000000000
1110111000000000
1110110000000000
1110111101011100
1110111100101100
1111001000000000
1111010000000000
1111011000000000
1111010111111011
1111011000000000
1111100000000000
1111101000000000
0000000001001000
0000000111111111
0000000010101001
1111111111101010
0000000111111111
0000000010110000
1111110111001100
1111101110101000
1111101110001000
0000000000110101
0000000000111100
0000000010101001
1111111000000000
1111110100010010
1111110101001110
1111101101101110
1111011101000111
1111100000000000
1111101000000000
1111011101111100
1111001000000000
1111001110010100
1111000101001100
1110101111110100
1110111000000000
1111000000000000
1111000000000000
1111001100010000
1111001111101010
1111001101000111
1111001111001100
1111100111100000
0000000001011011
0000000111111111
0000000111111111
1111111101010110
1111111111011100
1111110000000000
1111110000000000
1111110000000000
1111101110000010
0000000010010000
0000000010100111
0000000111111111
0000000011001101
0000000111111111
1111110100010000
1111101000000000
1111011000000000
1111100111011100
1111100100111000
1111011000000000
1111010000000000
1111010100101100
1111010000000000
1110111101100100
1110110000000000
1110101100110011
1110110101011100
1110111000000000
1110111000000000
1111010000000000
1111010111001000
1111100000000000
1111101111011011
0000000111111111
0000000011000101
1111111000000000
1111111000000000
0000000001111111
1111111111100000
1111100000000000
1111100100101000
0000000001110101
0000000010101111
0000000111111111
0000000111111111
0000000111111111
0000000111111111
1111101111000000
1111100000000000
1111100000000000
1111100000000000
1111011000000000
1111010110001111
1111011000000000
1111011000000000
1111010110111100
1110111111010000
1111000000000000
1111000000000000
1111000100100000
1111001101100010
1111000100000110
1111001110011011
1111011000000000
1111100111100100
0000000011001100
0000000000011111
1111110000000000
1111101000000000
1111110000000000
1111110100100100
1111101110001111
1111110000000000
1111111000000000
1111111000000000
0000000010010011
0000000111111111
0000000111111111
1111110000000000
1111101000000000
1111110000000000
1111100101000100
1111010100000011
1111010000000000
1111010101011100
1111011100110100
1111011110101111
1111001000000000
1111000000000000
1110111000000000
1111000111000111
1111001000000000
1111010101010000
1111001111110011
1111001000000000
1111010110100000
1111100101101110
1111110110010010
1111101101100010
1111101000000000
1111100100111110
1111101100111110
1111100000000000
1111100000000000
1111100000000000
1111100000000000
1111101111110111
1111101110011100
1111110000000000
1111110000000000
1111100000000000
1111100000000000
1111100111101010
1111101000000000
1111010100100100
1111010000000000
1111000100011111
1111010100000100
1111010000000000
1111001101000100
1111000000000000
1111000101001110
1111001101000011
1111010000000000
1111010000000000
1111011100010100
1111010000000000
1111011000000000
1111100110111011
1111101110001111
1111101110011110
1111101100101010
1111100000000000
1111101000000000
1111110000000000
1111100100010100
1111100000000000
1111100110101100
1111100000000000
1111100100010010
1111100101011111
1111100110110000
1111010111000011
1111010110110011
1111001101011100
1111010000000000
1111010000000000
1110111111010111
1111000000000000
1111001000000000
1111001100111111
1111000100010010
1110110111010010
1111000000000000
1111000000000000
1111001000000000
1111000110111111
1111010000000000
1111011000000000
1111100000000000
1111100111111000
1111101000000000
1111101111010000
1111101100010111
1111101111110100
1111110111100100
1111101100011100
1111100101011000
1111011101100010
1111010110101000
1111001000000000
1111011111100000
1111011000000000
1111011000000000
1111010000000000
1111001110010110
1111010000000000
1111010000000000
1111001000000000
1111000000000000
1110111110101110
1111001100110110
1111001101100110
1111001000000000
1111001000000000
1111000101011000
1110111111100100
1111000000000000
1111000000000000
1111010110101100
1111010000000000
1111010101000100
1111100000000000
0000000001001011
1111101000000000
1111101100100011
1111101000000000
1111100000000000
1111011000000000
1111100000000000
1111100100000000
1111011000000000
1111001000000000
1111010000000000
1111000110111110
1111001101010111
1111000111100011
1111000000000000
1111001000000000
1111001000000000
1111001000000000
1111001000000000
1111010000000000
1111011111001100
1111100000000000
1111010111010011
1111010101010111
1111001110101111
1110111000000000
1110110110011000
1110111000000000
1111001110000111
1111010110000011
1111010111111000
1111011000000000
0000000111111111
1111110000000000
1111100110111100
1111100101001100
1111011000000000
1111010000000000
1111100000000000
1111100110100100
1111011100111100
1111010100111010
1111000111011100
1111000000000000
1111001100010100
1110110000000000
1110101111010011
1110101110000100
1111000111001111
1111001000000000
1111011101001000
1111100111100110
1111100100000100
1111011110010000
1111011101010000
1111011000000000
1111011000000000
1111001000000000
1111001000000000
1111000101010100
1111010000000000
1111011000000000
1111011000000000
1111100000000000
0000000111111111
0000000111111111
1111110000000000
1111100101111000
1111101000000000
1111011100110011
1111100101101000
1111101101100111
1111100111111100
1111011000000000
1111010000000000
1111010111111100
1111011000000000
1111001101011000
1111000000000000
1111000000000000
1111010000000000
1111011000000000
1111100111010111
1111100111011000
1111101101011110
1111110000000000
1111101100110000
1111011111011000
1111100101000000
1111011000000000
1111010111010011
1111001111100000
1111010110000110
1111011000000000
1111100101111011
1111101000000000
0000001001100001
0000001001000000
0000000111111111
0000000000100111
1111100000000000
1111010100110011
1111100000000000
1111101000000000
1111011110111111
1111010101100000
1111011000000000
1111011000000000
1111011000000000
1111000000000000
1110110111010000
1111001110100100
1111011000000000
1111100110001111
1111011111110000
1111100110000110
1111101101000100
1111101111010010
1111101000000000
1111100110101011
1111011000000000
1111010000000000
1111001000000000
1111001100110111
1111001101001100
1111011110110000
1111100000000000
1111101100000110
0000001001110011
0000001000011111
0000000111111111
0000000010011011
1111110110101111
1111100000000000
1111101000000000
0000000000010011
1111101000000000
1111101000000000
1111100000000000
1111011000000000
1111010110001000
1111010000000000
1110111000000000
1111001100100011
1111010110010000
1111100000000000
1111101000000000
1111101000000000
1111100111110100
1111100111010100
1111011101011000
1111100000000000
1111100101000000
1111011000000000
1111010101001100
1111010000000000
1111011101111010
1111011110111000
1111011000000000
1111011000000000
0000001000000101
0000000111111111
0000001000011001
0000001000010001
0000000111111111
0000000010100111
0000000010110111
0000000011101111
0000000010001101
1111101111000110
1111100111101100
1111101110101111
1111100100111100
1111100101110100
1111010000000000
1111010000000000
1111011000000000
1111011000000000
1111100101100100
1111101101111011
1111100110011011
1111101101101011
1111101110101000
1111101000000000
1111011000000000
1111100000000000
1111011000000000
1111011100000111
1111101100111010
1111110000000000
1111100000000000
1111110000000000
0000001001111111
0000001010100111
0000001011000011
0000001011010000
0000000111111111
0000000011101011
0000000111111111
0000001000010001
0000001001110100
0000000111111111
0000000011110111
0000000011011101
0000000001000001
1111111000000000
1111111000000000
1111110110100100
1111110000000000
1111101000000000
1111110000000000
1111110000000000
1111111000000000
1111111110111000
1111111101000110
1111110100010111
1111110000000000
1111101000000000
1111110000000000
1111110000000000
1111110110111000
1111111101011011
1111110000000000
1111110000000000
0000001011001111
0000001010110101
0000000111111111
0000001011000011
0000001010110111
0000000111111111
0000001000010111
0000001000000111
0000001000101111
0000000111111111
0000000111111111
0000000111111111
0000000111111111
0000000010001101
0000000011010111
0000000010101001
1111111000000000
1111111000000000
0000000000000101
0000000010100000
0000000010000101
0000000010111100
0000000011000011
0000000010110111
0000000011001111
0000000001011001
0000000011001000
0000000111111111
0000000111111111
0000000111111111
0000000111111111
0000000111111111
