0011011111111111
0010000111111111
0001011000000000
0011011010000100
0001111111111111
0011010011110000
0100111011111100
0011001001000011
0000000000111101
0011001001011000
0001101111111111
0110001001100001
0010100000000011
1111111111101010
0101010111111111
0010001111111111
0000001010010011
0001010111111111
0010011111111111
0011100000010001
0001101111111111
0011001111111111
0010101111111111
0010010111111111
1111111110000000
0100000001011011
1111111101100000
0010100111111111
0001011000101001
0001101000010011
0000100111111111
0000111111111111