0010001111001010
0011111011011100
0001100100100010
0100101101000100
0001010000101011
0001100010011100
0010001101110001
0101000001000011
0010111110111101
0010110001111101
0000111101011010
1111111101010011
0100100011010001
0001000111000001
0100100101110001
0011000011110111
0000110101111001
0011001010110110
0011011110111010
0001110010001100
0000110101000111
0001100010010101
0001111100110101
0010110100010011
0100111010101010
0100001011111000
0010011101111111
0010111001110000
0100110000101001
0010010101110000
0010001100000011
0000111111100110
