0001001001000001
0001000110011101
0001000001100100
0001000100111100
0000111110100011
0000111011011100
0000111110001101
0001000011011111
0000111001001110
0000111010111011
0000110101111110
0000110011111110
0000111000100110
0000101111001000
0000101111001001
0000110010011001
0000111010011110
0000101111010110
0000100110000111
0000101000100000
0000101100110111
0000100111010001
0000110001110010
0000101000110111
0000101100100111
0000100011011100
0000100010110101
0000101010010010
0000101100100111
0000101001101001
0000100001101100
0000110000101000
0001000101110101
0001001000100000
0001000010110000
0000111011000110
0001000000011110
0001000011100101
0000111101101101
0000111110000101
0000111001001100
0000111010111011
0000110000111010
0000101111111111
0000101110101011
0000101000011001
0000101111110110
0000110000011110
0000110100000110
0000101110111000
0000100111011011
0000100100110000
0000100111110010
0000101000101001
0000101010011111
0000011110100111
0000100000010000
0000100110001111
0000101111001110
0000101110000110
0000101010001111
0000101011111101
0000101000101110
0000110111010110
0001000111111100
0000111101111011
0001000001001011
0000111101110101
0000110111111001
0000111010011000
0000111101101100
0000110110110010
0000111110101000
0000110111111011
0000110001100010
0000101010010110
0000110000111101
0000100111100011
0000101011111000
0000101001110110
0000100110100010
0000101100111000
0000100100010000
0000011011101111
0000100000110101
0000100001011110
0000100011111011
0000100000110101
0000011100000001
0000101010000101
0000100111000110
0000101110100111
0000101001101101
0000101011010011
0000110000100000
0000110110010100
0001000100001011
0001000111100110
0000111110110101
0000111110000000
0000111101101100
0000111001011010
0000111010011000
0000110110101011
0000111011011101
0000111011001110
0000101100100011
0000110111111010
0000110001001101
0000101010000101
0000101011011110
0000101011011111
0000100000011110
0000011111110001
0000100100110011
0000100011110001
0000100000010110
0000011100001001
0000100100000001
0000011110010001
0000011110110100
0000100000110010
0000011110110101
0000101000000100
0000101010110110
0000110110110101
0000110100010001
0000111001111010
0001000101011100
0001001100001000
0000111100100110
0001000010101000
0000111101100000
0000111100000100
0000111100110110
0000111100011011
0000111011110000
0000111001100010
0000101101110101
0000101101111000
0000101111011001
0000100101010000
0000100110010100
0000101000001001
0000100111111101
0000101000010101
0000100100000100
0000011101101001
0000011011000110
0000011110101101
0000011111010110
0000011101111010
0000010110101100
0000011010110001
0000100010000001
0000100110000010
0000110010111000
0000111101011110
0000111111010110
0000111000010101
0001001010111100
0001001000000010
0001000110001101
0001000010101111
0000111110001001
0001000000011000
0000111011111110
0000111011010011
0000110101101001
0000101111001101
0000110001100001
0000110010001101
0000110111111000
0000101011001111
0000101111111111
0000101111010001
0000101010110000
0000101100010110
0000101010010011
0000100000000100
0000100101001110
0000100000101011
0000100010011101
0000011111100000
0000100100011010
0000100011000000
0000100010110101
0000110000111010
0000110001100010
0000111110110101
0000111110001101
0001000010000010
0001000100100111
0001000011111100
0001000001100001
0000111011110111
0000111010011100
0000111011101000
0000110110010011
0000110110101110
0000110011101010
0000110000101010
0000101110110111
0000101111111111
0000101111111101
0000110010101110
0000101011110111
0000101101001110
0000100111001101
0000100100011010
0000011110010100
0000011101010101
0000011101101001
0000011101011010
0000100011111100
0000100111111000
0000011100000001
0000100101000001
0000100101111111
0000101100111001
0000110010101010
0000110101001100
0000110111111101
0000111100000111
0001001000110101
0001000000001001
0001000011110001
0000110111000001
0000111011010100
0000111101001000
0000111111000001
0000111101111010
0000110001111001
0000101011001010
0000101101011101
0000100011010100
0000101000111011
0000101010001110
0000101001001110
0000100101011101
0000100111110110
0000100010101100
0000100000101011
0000100001000101
0000011101001010
0000100001110100
0000100010111001
0000101000011101
0000100110011101
0000100101111110
0000100111111110
0000100100110111
0000100100100100
0000100101000110
0000110011001000
0000110111100100
0001000001010001
0000111010101011
0001000000100000
0000110101100010
0000101111000000
0000110100100000
0001000000100110
0000111100001011
0000110101011111
0000110001101110
0000101011110000
0000101101010111
0000101101001101
0000101010010111
0000110000000001
0000100111100101
0000011111110000
0000011101000111
0000011010101001
0000011001110101
0000010111000101
0000100001000100
0000011100110111
0000100010100011
0000100110000100
0000100000101001
0000100100000110
0000100110011110
0000101101010000
0000110010101011
0000110100101111
0000111010000101
0001000010001110
0000111101100111
0001000001101010
0000110001001000
0000110101000001
0000110001000110
0000111001010111
0000101110000111
0000101100110100
0000101001100000
0000101100111011
0000101110010001
0000110010001111
0000110011010001
0000100110001110
0000101100100010
0000100001011100
0000011010101011
0000011110001011
0000010111110010
0000011000010001
0000011001000010
0000100011110101
0000100100010100
0000011101111011
0000011110001011
0000101011101000
0000100111001010
0000101111111110
0000111000010110
0000110110100000
0000111000011110
0001000001010111
0001000100111001
0001000110001010
0000111000100111
0000110101100101
0000110100000001
0000110110100010
0000101101100000
0000110011111010
0000101010000000
0000101010011101
0000100111001000
0000110001110011
0000101010101110
0000110011100001
0000100101010110
0000100001110001
0000011000110101
0000010011001100
0000011100000000
0000011110011111
0000011001101100
0000011110101101
0000100000100111
0000100100000010
0000100100110010
0000100111010100
0000110001011111
0000110001100111
0000111001000111
0000111000100110
0000110011100010
0000111011011011
0000111101001011
0001000000110110
0000110100011000
0000110101011100
0000111001011011
0000111001010110
0000110100101010
0000110110011101
0000101111100000
0000110000000000
0000100111010111
0000101101110101
0000100010111000
0000101000010111
0000100011111010
0000100011010111
0000011100011101
0000011110000000
0000010110111000
0000011100111100
0000100010111111
0000100000011001
0000100101001100
0000100110110101
0000101000011111
0000100011000011
0000110100000101
0000110111100000
0000110111011001
0000110111100110
0001000000111000
0001000011100001
0000111111011100
0001000000011110
0000111011011010
0000111000011101
0000111001101011
0000110110101110
0000110011100100
0000110110010001
0000101110011001
0000110001000110
0000101110010010
0000101000110001
0000100111110010
0000101011101100
0000101001110001
0000100101100001
0000011011101010
0000011111101110
0000100100001010
0000100001110011
0000100011110000
0000100100110011
0000101101111001
0000101011100000
0000100110111010
0000101011110101
0000101100111101
0000110001100001
0000110110100000
0000111011001100
0000111110100110
0001000001100010
0000111111100100
0001000001011111
0000111100100011
0000111100100110
0000111111111011
0000111100000110
0000110101011010
0000101110011101
0000111000011000
0000101010110100
0000101010010011
0000101100011110
0000100010100110
0000100110100011
0000100001101010
0000011110000100
0000011101010011
0000011110111011
0000011100100010
0000100111011111
0000100000110101
0000101001011100
0000101011011000
0000101111110111
0000101101011101
0000100010111000
0000101010010010
0000101011011001
0000101100111001
0000111110111110
0000111100011100
0001000011101100
0001000100001001
0001000000110000
0001000000010010
0000111110101001
0000111110000100
0000111110111010
0000111000001111
0000110011110010
0000101100000001
0000101100001001
0000101101011110
0000100110101110
0000100000010000
0000100000011001
0000011100101111
0000011000111010
0000010011100000
0000010110011000
0000011101000111
0000100011000111
0000100010010010
0000011111110011
0000100100011111
0000100110010000
0000100111011010
0000101000110110
0000101001110101
0000101100001111
0000110000001101
0000111111110010
0000111101001001
0001000001001010
0000111110000100
0001000111111000
0001000110101111
0001000000100000
0001000110011010
0001000001001101
0000111000101100
0000110010111011
0000101110000110
0000101011111110
0000101011100111
0000101001000010
0000100001110010
0000011010101100
0000011111001111
0000011011000100
0000011010001000
0000011110100000
0000011100011101
0000100110011010
0000011111001100
0000011011001111
0000101110101001
0000101001011010
0000101001001011
0000110011110100
0000110010000000
0000110000001110
0000110010111000
0001000000111011
0000111100101000
0001001101011001
0001000100110110
0001000010000001
0001000010101011
0001000100101000
0001000011100010
0000111011111111
0000110100001010
0000101110011011
0000110000111000
0000101000001110
0000101101110110
0000100011100100
0000100101001110
0000100000111001
0000011110010010
0000100100001101
0000011000011010
0000011000000011
0000010011100110
0000100001000111
0000100010011110
0000100110111000
0000101011100101
0000101110000010
0000111001010001
0000110100000111
0000101111011101
0000110111011000
0000110011100000
0000111110001111
0001000100110110
0001000000100111
0000111100011001
0000111111100010
0001000100100001
0001000100010110
0001000001001010
0001000010001101
0000111000110000
0000101110001101
0000101010110000
0000101110010011
0000101100111011
0000100111111011
0000011111000111
0000011110111000
0000011110110101
0000100011010110
0000011001111100
0000010101010000
0000010011011000
0000100000010001
0000100001011001
0000100011000001
0000100011101111
0000101101010000
0000110111001101
0000111010111111
0000110100010011
0000110101111110
0000110011110011
0001000100100110
0000111100100110
0000111100111010
0000111001100011
0000111111001011
0000111100110111
0000111000110111
0000111010100011
0000111000100101
0000110100111111
0000101101101010
0000101110100010
0000101111001100
0000101111000101
0000111010010101
0000100101011010
0000011001111111
0000011000010011
0000011000000111
0000010110100010
0000011000011000
0000010011111110
0000010011011011
0000010111000111
0000011101010111
0000101000101101
0000101010001011
0000110000000010
0000110101000001
0000110100000101
0000111100001110
0000111100000101
0001000010000001
0000111110000110
0001000011111100
0000111001001101
0001000100000001
0001000011110101
0001000011001001
0000111110100010
0000110101101111
0000110110110100
0000110000111011
0000110110011110
0000110010111001
0000101101100010
0000101001100111
0000100101010011
0000011010100001
0000011001101011
0000010100000100
0000001010111011
0000010110100001
0000010000111011
0000010101010010
0000011010100000
0000100111010111
0000100100010100
0000101001000010
0000101001001011
0000111011100101
0000110001111001
0000111000100100
0000111101000011
0001000111011101
0000111111011001
0000111110110010
0000111010111100
0000111111111101
0000111111011010
0001000100011111
0000111110111000
0000110110001110
0000111000010111
0000110001111110
0000110100011010
0000110000100000
0000101111100111
0000101000001011
0000011100001001
0000011001001101
0000010011001010
0000010110101101
0000001111000011
0000010000011110
0000001100110010
0000010101000111
0000010111111110
0000100100000000
0000100001101010
0000101010100001
0000101111000100
0000110100111010
0000101111001001
0000111111111010
0000111001011011
0001001001001000
0000111111010011
0000111110100001
0000111011110011
0000111111101101
0000111111001100
0001000100001010
0000111111110101
0000111110111101
0000111001000001
0000100101000110
0000100111000111
0000101000111100
0000101001101001
0000100001000011
0000011110001101
0000011011001101
0000010011110001
0000010001010000
0000001110111011
0000001111100110
0000001010100110
0000010001110011
0000011000000010
0000011011101111
0000100000101000
0000101010000111
0000100010100011
0000110000101111
0000110010011100
0000111101110000
0000111010111000
0001000001010111
0001000001100111
0001000101110110
0001000000101010
0000111100011100
0001000010000010
0000111111001010
0001000001011110
0000110110011100
0000110111110000
0000101000000110
0000100111001011
0000011111011101
0000100000011000
0000100011010110
0000011100001000
0000011000100010
0000010001100110
0000001111110100
0000001010111001
0000000111000000
1111111111101110
0000001001100010
0000001001000010
0000010001111011
0000011100010100
0000011101010010
0000101001010010
0000110001001000
0000110011010101
0000111100001110
0000111101011001
0000111110111101
0001001000000001
0001001101001010
0001010011110100
0001001010111101
0001001001001101
0001000011011100
0000111110010000
0000110101110000
0000110001001100
0000101001010100
0000100010101000
0000100110010011
0000100011100011
0000011100100010
0000100000111100
0000010011111100
0000001111010100
0000001110110000
0000000111000100
1111111111101001
0000000100001101
1111111011010101
1111111110111111
0000001110011011
0000011010010000
0000011110000110
0000100100000011
0000110010001110
0000101110001010
0000110100001000
0000111111101010
0001000010110100
0001001001100000
0001010111101000
0001010011000011
0001010011011001
0001001011100001
0001000101010101
0000111100101101
0000110110010100
0000101101001010
0000100110010000
0000101100000000
0000100011001110
0000011101110101
0000100010110000
0000011101000000
0000011000011000
0000011000000110
0000001011100111
0000000001011100
1111111111001100
1111111111010100
1111111110001001
1111111101101101
0000001110101010
0000011001111000
0000100110011101
0000101101010000
0000101011001000
0000101011101101
0000111001010110
0001000001111101
0001000011000101
0001001000000111
0001011000001100
0001010100111100
0001010000110011
0001010010111101
0001001010001100
0000111111101000
0000111000110000
0000110010101110
0000101001110011
0000100111110011
0000100100011010
0000100001000000
0000100010100011
0000011011000111
0000011000000111
0000011010010000
0000010011010100
0000000011110010
1111111001100110
0000000000011011
0000000010101011
0000001010011111
0000010010010101
0000011001101101
0000100111001001
0000100111011101
0000101110010111
0000101011101111
0000111001010111
0000111100001001
0001000100110110
0001001011010010
0001010111011101
0001010100111111
0001010011100111
0001010001100001
0000111101001101
0000110101000111
0000111000100010
0000111011111011
0000110010101001
0000101110000010
0000100100111001
0000011010110110
0000100100010011
0000011010111011
0000010110001110
0000010100110100
0000001111100111
1111111111001000
1111111101011101
0000000010000101
0000000101100000
0000001001011000
0000011001010001
0000011100101111
0000100001001010
0000101001011100
0000101001000000
0000101101111100
0000110101110001
0000111101100011
0001000110000011
0001000011000001
0001011110100010
0001011110010101
0001011001011010
0001001101010000
0001000100100010
0000111000100011
0000111000100101
0000110100010100
0000101110010100
0000101101010000
0000101010100010
0000100011100011
0000011101010110
0000010110111011
0000010011111011
0000010010101100
0000001011110011
0000001100101110
0000000110100100
1111111110001010
0000000101010111
0000001110011000
0000011010101000
0000011011111111
0000101100011100
0000101010111110
0000101001011000
0000101101000110
0000111011010111
0000110101111010
0001000010001110
0001000010010010
0001011011000010
0001011101010001
0001010011101111
0001001001011100
0001000111100111
0001000010111011
0000111110000000
0000111110010000
0000101101000000
0000101101100011
0000101001011010
0000100011000100
0000011110010110
0000011011010100
0000011100001100
0000001111111100
0000001100100110
0000010000101110
0000001011011101
0000000101010110
0000001100010010
0000001000011000
0000010111101000
0000100101110111
0000101011111001
0000101011000011
0000110100000100
0000101100101011
0000110101110011
0000111111111000
0001001001011111
0001000110000100
0001100100000111
0001100000010010
0001010111101110
0001001010010000
0001000001111100
0001001001011011
0001000001000110
0001000110110010
0000111100010100
0000110101111110
0000101010001110
0000101110111101
0000100010001000
0000010110001000
0000010101100101
0000010010100000
0000100000001000
0000001110101101
0000001001100001
0000001000100101
0000010011100110
0000010100101101
0000011101010111
0000100010101010
0000101010010100
0000101011100110
0000101110011100
0000110010001011
0000110010101001
0000111110010011
0001001001100110
0001000111110000
0001100001000101
0001101011001001
0001100011010111
0001010000101001
0001001101000011
0001001101010100
0001001101010010
0001001001100100
0001000000001101
0000111101010001
0000110111011110
0000100111010000
0000100101100010
0000011010000110
0000011000110000
0000010001110011
0000011011101100
0000010111110100
0000010010111100
0000010011001000
0000011100000000
0000011110100001
0000100000111000
0000100011010111
0000110001101101
0000110010001001
0000110011110000
0000110100010101
0000111111001011
0000111001101011
0000111111111011
0001001110000101
0001101110100100
0001101001101000
0001100011111101
0001011010110111
0001001001010101
0001001110111111
0001010100110011
0001001010100110
0001000001101001
0000111010101100
0000111010000111
0000101101010011
0000100111011111
0000100010101101
0000011110010101
0000011010101011
0000010110010101
0000011110000101
0000011101111010
0000011010100011
0000100100001110
0000100001111000
0000011101110100
0000101000001011
0000110010000110
0000110001111111
0000110100011101
0000111100001101
0001000101000100
0000111111110010
0001000010010101
0001000011010000
