0000101011011011
0000101010001100
0000101010100111
0000100110001011
0000100011001010
0000100000011111
0000011111111100
0000011011000010
0000011001010111
0000011001101010
0000010101001110
0000010011110011
0000010101100000
0000010011101110
0000010100101011
0000010100000011
0000010100010111
0000010110110101
0000010111000011
0000011001110011
0000011010110011
0000011010100000
0000011101000010
0000011100110101
0000011101100101
0000011110000110
0000011101101001
0000100000111110
0000100010111011
0000100101101111
0000100100001101
0000100100000011
0000101100000111
0000101001100110
0000101011011000
0000100110000011
0000100000101000
0000100000011011
0000011001110000
0000011000001100
0000011001111011
0000011010100101
0000010100011000
0000010000000011
0000010001010010
0000010001101111
0000010010001101
0000010100000000
0000010111010110
0000010110111000
0000010101110001
0000010111011101
0000011010101100
0000011010110000
0000011010100001
0000010111111001
0000011000100010
0000011010100110
0000011101010000
0000011101001110
0000100101101000
0000100110101001
0000100111101011
0000100110011110
0000101001000001
0000100110001010
0000100101101110
0000100000101010
0000011011110011
0000011000110001
0000011001000001
0000011000001111
0000010111100101
0000011000001111
0000010011010111
0000001101011111
0000001101100101
0000001101110101
0000010001001100
0000010001110101
0000010010001101
0000010001100111
0000010011011100
0000010100001000
0000010101001111
0000010111000110
0000010110110000
0000010101110101
0000010010100100
0000010101101100
0000011011001100
0000011100010100
0000011111000010
0000100011111101
0000100111010100
0000101010000101
0000101001011110
0000100101000001
0000100001010111
0000011110110010
0000011000110101
0000011001011010
0000011001001111
0000010100011111
0000010111111000
0000010101001010
0000010000000000
0000001110010110
0000001101000011
0000001010110010
0000001100101011
0000001100110000
0000001101010000
0000001101001010
0000001101000100
0000001110110001
0000010001000110
0000010001010111
0000010001101100
0000010000110010
0000001111010011
0000010011000011
0000010011010100
0000011001100010
0000011110101000
0000100010001111
0000100110010001
0000100111101001
0000100111110101
0000100011100000
0000011100100110
0000011011101011
0000011000101111
0000011010000111
0000010011111001
0000010100001111
0000001111101001
0000001101100011
0000001001111000
0000001000101110
0000000110011101
0000000111101010
0000000100010001
0000000111001001
0000001001101100
0000001001001011
0000001100101000
0000001101000101
0000010001011000
0000010001010001
0000010001101001
0000001111001110
0000001101111010
0000001110101110
0000010001101010
0000010101110000
0000011110101100
0000100001011101
0000100100010110
0000100101001010
0000100001010111
0000011111101101
0000011011011110
0000011000100010
0000010111000110
0000010110101111
0000010000011111
0000001100100101
0000001010010101
0000000110101010
0000000110111010
0000000100101001
0000000111100011
0000000101110110
0000000011001111
0000000110110101
0000000110100110
0000001000111111
0000001000010100
0000001010001101
0000001100000110
0000001011111010
0000001110111110
0000001010111000
0000001010100011
0000001100011101
0000001111111101
0000010011111001
0000011000011000
0000011100100010
0000100000001011
0000100010101000
0000011101110101
0000011100011010
0000011000100101
0000010010101101
0000010001110010
0000010010000010
0000001110101011
0000001011010011
0000001001001000
0000000011010110
0000000011111001
0000000011100110
0000000001000100
1111111110111000
0000000000001101
0000000000111001
0000000100111001
0000000110001110
0000000100001010
0000000100000101
0000000100010100
0000000111001011
0000001000011010
0000001001011101
0000001001111101
0000001001111010
0000001011101100
0000001100111010
0000010011101111
0000011000000011
0000011011111001
0000011110010011
0000011001001011
0000010110101011
0000010011011011
0000001111011100
0000010000101011
0000010000100100
0000001101111011
0000000111010101
0000000110010000
0000000100011011
0000000010001101
1111111111101100
1111111110001110
1111111111011111
0000000000100101
0000000001001000
0000000000010011
0000000011110010
0000000011110101
0000000001100100
0000000010010101
0000000011110011
0000000101011100
0000001000000001
0000001001110011
0000001000001111
0000001001101010
0000001001110110
0000001010100100
0000001111011000
0000010111010101
0000011001111110
0000010101010001
0000010011011111
0000010000110111
0000001100001011
0000001101011011
0000001100000001
0000000111100000
0000000010110110
0000000001100110
0000000010100011
0000000001100100
0000000010000001
0000000001111001
0000000010000110
0000000000101011
0000000010000000
0000000001101001
0000000010111100
0000000011010110
0000000011011011
0000000011001001
0000000001100011
0000000011010001
0000000101111110
0000000101100100
0000000110111010
0000000111001010
0000001000101101
0000001011010101
0000001111010111
0000010100101101
0000010110110101
0000010010000000
0000010010100011
0000010001110010
0000001100100001
0000001011011001
0000000100000010
0000000010111111
1111111110011101
0000000000111110
0000000010001001
1111111111101011
1111111101100010
0000000010010110
0000000000111100
1111111111101100
1111111110100100
1111111110011111
1111101110101001
0000000000101111
1111111111011010
1111111111000101
0000000010010000
0000000010110101
0000000010110011
0000000100011000
0000000111000000
0000001000111101
0000001000010000
0000001011000101
0000001111011100
0000010101110100
0000010110110010
0000010001001101
0000001111111110
0000010000010010
0000001001101000
0000000100100011
0000000000111001
1111111111110111
1111111101000000
1111111101111011
0000000000000011
1111111100000111
1111111100110000
1111111101000111
1111111110111101
0000000000101000
0000000001111110
1111111101011101
0000000010110000
1111111111110100
0000000001000010
0000000000111001
0000000011011001
0000000101110101
0000000110000011
0000000100111001
0000000100101011
0000000101111000
0000000110100010
0000001100101101
0000010000000000
0000010010101110
0000010011110100
0000001111000001
0000001101001000
0000001010110100
0000000100100001
0000000011000111
1111111111011110
0000000000000101
1111111100111110
1111111101010101
1111111110110110
1111111010011001
1111111011111110
1111111110100110
1111111111100000
0000000001001111
1111111111100110
1111111111010000
1111111110100101
1111111111101011
1111111111101101
0000000010001110
0000000001101110
0000000100000011
0000000110001111
0000000100010100
0000000101010101
0000000110010000
0000000111100100
0000001011111010
0000001111001110
0000010010111101
0000010010100000
0000001010110011
0000001011111101
0000000110000000
0000000010111001
1111111111110000
1111111101111101
1111111011111101
1111111101010100
0000000000000001
1111111110100111
1111111011011000
1111111011111110
1111111100111010
1111111101100001
0000000001010001
0000000001100010
1111111110110100
1111111110011011
0000000010000000
0000000000010010
0000000010010010
0000000010111101
0000000101100110
0000000101011011
0000000110011101
0000000101011111
0000000111010111
0000000101010011
0000001010001100
0000001110011101
0000010000011101
0000001111110000
0000000101100100
0000000010000111
0000000010001110
0000000001110011
0000000000101011
1111111110100010
1111111110000100
1111111011001100
1111111100111101
1111111010001001
1111110110111101
1111110110111000
1111110111110110
1111111101011101
1111111001110101
1111111011011110
1111111110000000
1111111100011110
1111111110010100
1111111111111100
0000000001000011
1111111110111011
0000000000111010
0000000100000001
0000000011001101
0000000110000001
0000000110001010
0000000011101011
0000000100001011
0000001000100011
0000001110001101
0000001111001110
0000000101110000
0000000010101100
0000000011100000
0000000000100110
1111111100110111
1111111101000101
1111111010110010
1111111010001000
1111111001100000
1111110111000011
1111110101011000
1111110100000010
1111110100010110
1111110111100000
1111110111000100
1111110111001111
1111110111001010
1111111010001001
1111111101000101
1111111100100101
1111111100011001
1111111100110010
1111111101101100
1111111110110100
0000000011111000
0000000101111011
0000000111111110
0000000110001011
0000000011110100
0000001000101111
0000001100110101
0000001101101001
0000000111000110
1111111111001011
1111111101110010
1111111100001100
1111111011001011
1111111001101100
1111110110100111
1111110111000011
1111110011100001
1111101111101100
1111110001001001
1111101110101011
1111110000010101
1111110110110001
1111110001111111
1111110100000001
1111110110101110
1111111001011000
1111111001110111
1111111011001100
1111111000000100
1111111001000011
1111111011110100
0000000000001011
0000000000111011
0000000011110110
0000001000110101
0000000110101100
0000000101101111
0000001001000001
0000001100001010
0000001011000110
0000000111010100
0000000010111000
0000000000100000
1111111011011011
1111110111100101
1111110100110010
1111110011100110
1111110011110100
1111101111010101
1111101010000110
1111101011100000
1111101010000111
1111101101000110
1111110100110001
1111101111111110
1111110100101101
1111110010110111
1111110100111011
1111110110011111
1111110110101101
1111111000111111
1111110111001111
1111111010100111
1111111111001000
0000000110010000
0000001001111000
0000001001111100
0000001001111111
0000000111000111
0000001100010010
0000001101110001
0000001011101010
0000000100111100
1111111110011100
1111111100000011
1111111000101001
1111110110110010
1111110010100100
1111110001100111
1111110000001100
1111101001010010
1111101100101010
1111101010111100
1111100110001011
1111101001011100
1111101111101010
1111110001111111
1111110100011011
1111110100111011
1111110010110000
1111110001100100
1111110001011101
1111110101110011
1111110101111010
1111111000000101
1111111111111001
0000001000011001
0000001001110110
0000001010011000
0000001011001110
0000001000011010
0000001100010101
0000001011111101
0000001101011100
0000000011001010
0000000010001100
1111111101001000
1111111001011100
1111110100011011
1111110000000101
1111101111010110
1111101110000011
1111101001100000
1111101011101010
1111101011010001
1111100101100111
1111101001010101
1111101011001011
1111101100000100
1111101100111000
1111110001001110
1111110000101100
1111101101111100
1111101111110100
1111110001001111
1111110100111011
1111111000000000
0000000000001001
0000000100011111
0000000100110000
0000001001111001
0000001011101100
0000001010100011
0000001010111011
0000001010010101
0000001101111111
0000000100110000
0000000000111101
1111111101000111
1111111100110010
1111110111011011
1111110110110010
1111110001110000
1111101001100100
1111100100101001
1111101000011001
1111100110111101
1111100101100000
1111100101001000
1111101000110110
1111101001110010
1111101011011011
1111101000100011
1111101010101111
1111101011111011
1111110000000011
1111101110110000
1111110010111011
1111111001111100
1111111100010010
0000000011101001
0000000011110001
0000000101111100
0000001000001001
0000000110100101
0000001001100010
0000001010000011
0000001001111111
0000001001101011
0000000011100000
0000000100111000
0000000000100001
1111111011001101
1111111010011001
1111110110001110
1111101111100000
1111101001101100
1111100110010011
1111101011101001
1111100110100101
1111100100101110
1111100110010001
1111100110111110
1111101000111111
1111101001110010
1111101011010010
1111101000011000
1111101100011100
1111101101001010
1111110100111001
1111110110101111
1111111101011101
0000000000110001
0000000100101110
0000000101011110
0000000100101101
0000000111101100
0000001011011101
0000001011010010
0000001100100101
0000001011111110
0000001000000110
0000000010000101
0000000010001111
1111111101011000
1111111001101110
1111111000110100
1111110000001011
1111101001010110
1111100111001011
1111101001110110
1111101001001100
1111100101110110
1111100011111101
1111100010110101
1111100011011111
1111100111011000
1111101011110000
1111101001001101
1111101010001010
1111101111001000
1111101111000011
1111110101011110
1111111011100100
1111111111111101
0000000011100100
0000000100100011
0000000100111011
0000000111000110
0000001011101101
0000001100001100
0000001100100111
0000001101001100
0000000111111011
0000000101010100
0000000000111010
1111111110010111
1111111010111010
1111110110110001
1111110010111111
1111101101000100
1111100101111001
1111101001001111
1111101001110110
1111100110011011
1111100101111111
1111100100011110
1111100010101110
1111101000011111
1111101010101111
1111101010011011
1111101110000001
1111101111111001
1111110000101111
1111110011110110
1111111011011001
1111111110011001
0000000001100011
0000000100011100
0000000101100000
0000001000010000
0000001100001101
0000001110110011
0000001100100110
0000001111100000
0000001001101001
0000001000010000
0000000100100110
1111111111011000
1111111101001111
1111110111010010
1111101110101000
1111101011100001
1111101000100011
1111101011101111
1111101001100110
1111101001000111
1111101010100011
1111101010111101
1111100110011010
1111101010100100
1111101011111101
1111101111100100
1111101101001110
1111101101000000
1111101111011001
1111110000011101
1111111001000110
1111111111101010
0000000011101110
0000000010011000
0000000101100110
0000001000110110
0000001100111101
0000001110111000
0000001011010101
0000010010110111
0000001110111011
0000001100100001
0000001001000111
0000000010100101
1111111111010000
1111111010111010
1111110000101010
1111101011010111
1111101011100101
1111101101101110
1111101100011111
1111101100110001
1111101101101000
1111101010110000
1111101011000100
1111101110010000
1111110000001100
1111110000110110
1111110000011011
1111110001110110
1111110011001101
1111110011001110
1111111100001101
1111111111111000
0000000011000111
0000000100100001
0000001001100000
0000001001111011
0000001011001101
0000001100011000
0000001100011100
0000010011100000
0000010000110001
0000010000111010
0000001010110111
0000000110111000
0000000010001100
1111111110100010
1111111010100011
1111110100100000
1111110010111000
1111101111000011
1111101110110000
1111101111000101
1111101111111101
1111110010001100
1111110011001111
1111110110010000
1111110100100101
1111110100000010
1111110010001110
1111110100111110
1111111000011111
1111111010001100
1111111011111110
0000000010110001
0000000111010101
0000001001000110
0000001001010000
0000001011100110
0000001100000011
0000001100010001
0000001100011000
0000010011110010
0000010010001111
0000001111001000
0000001000111001
0000000011101010
0000000000000011
0000000001001010
0000000001111111
1111111010111101
1111111010101000
1111111001110101
1111110101101111
1111110010101110
1111110011001100
1111110100101110
1111110001001101
1111110101110001
1111110110010100
1111110110001000
1111110100110001
1111111001100111
1111111011010001
1111111110010101
0000000000100001
0000000001001010
0000000110011100
0000001000110101
0000001000011101
0000001011101010
0000001010111011
0000001101001011
0000001110100000
0000010100010101
0000010100111000
0000010001110001
0000001010011111
0000000101110001
0000000001010110
0000000011000100
0000000000001011
0000000000101001
1111111101111110
0000000000000111
1111111100101110
1111111011000111
1111110110011100
1111110100001011
1111110011011011
1111110100101100
1111110111100011
1111111001101101
1111110101101001
1111111011001000
1111111111110111
0000000001001000
0000000010111111
0000000100101000
0000000101100000
0000000101101001
0000000110111011
0000001010000100
0000001100100010
0000001110000111
0000001101100100
0000010001101010
0000010010110000
0000010100010110
0000001110110010
0000000111100111
0000000011010000
0000000100000101
0000000010110001
0000000010110011
0000000011001001
0000000001000010
1111111101011010
1111111011111111
1111110101111100
1111110101100000
1111110101010100
1111110110001100
1111110110101001
1111111000011001
1111111011100000
0000000001001010
0000000011010110
0000000011001100
0000000100000100
0000000011111111
0000000100101101
0000000111010100
0000000111011110
0000001110000110
0000001101110010
0000010010001111
0000010100100111
0000010111101101
0000010100000001
0000010010100100
0000001110000001
0000001000111110
0000001000001010
0000001001110111
0000001010001110
0000001010100101
0000001010010110
0000000110000010
0000000010100010
0000000000100111
1111111101100110
1111111001110000
1111110011100101
1111111011111111
1111111110110110
0000000000110011
0000000001011011
0000000100111011
0000000110110101
0000000101101000
0000000111001101
0000000101110111
0000001000110101
0000001001011001
0000001000110001
0000001100111111
0000001101101101
0000010101000110
0000011000000100
0000011001101111
0000011000101101
0000010110111000
0000010000011011
0000001100011110
0000001010000000
0000001010110110
0000001011110110
0000001101000010
0000001110001110
0000001010001110
0000001000011000
0000000111000011
0000001000000101
0000000010010100
1111111101110011
0000000001100101
0000000110011010
0000000101001001
0000000110000100
0000001010100000
0000000111011101
0000000100010100
0000000110000011
0000000110111110
0000001001100011
0000001010100000
0000001011000101
0000001111101110
0000010001101110
0000010100101000
0000010110011111
0000011100001111
0000011001110010
0000011001001000
0000010011011000
0000001101011001
0000001100001011
0000001110010110
0000001111100010
0000001110011010
0000001101100111
0000001101000000
0000001011101111
0000001100000101
0000001001101110
0000000110100001
0000000100011011
0000000100001000
0000001000010001
0000001001100100
0000001100101110
0000001110001110
0000001011001001
0000000110010001
0000000111010111
0000001000000001
0000001011100101
0000001011000101
0000001101110100
0000010001111000
0000010110000111
0000010101011111
0000011010010001
