0100101111111000
0011100110110000
0010011010101100
0101011111111111
0010010010101000
0100111010011110
0100011000100111
0010100100011100
0100110100011001
0100111011010101
0010100111011010
1111111101011100
0010110001101000
0001011000010111
0001000010010101
0100100010000101
0010111101100100
0001011110100100
0100100011100100
0100001111111010
0100000101010010
0000111011110110
0001010010100110
0100111101011110
0100011001101110
0101010010010001
0001011101101010
0010110000011100
0001111000100110
0011111010100101
0010111000010111
0100110111111011
